            o  ,    o  ,                                      GREENWICH                               Astronomical Applications Dept.
Location:  000 00, N51 30                          Rise and Set for the Sun for 2050                   U. S. Naval Observatory
                                                                                                       Washington, DC  20392-5420
                                                            Universal Time


       Jan.       Feb.       Mar.       Apr.       May        June       July       Aug.       Sept.      Oct.       Nov.       Dec.
Day Rise  Set  Rise  Set  Rise  Set  Rise  Set  Rise  Set  Rise  Set  Rise  Set  Rise  Set  Rise  Set  Rise  Set  Rise  Set  Rise  Set
     h m  h m   h m  h m   h m  h m   h m  h m   h m  h m   h m  h m   h m  h m   h m  h m   h m  h m   h m  h m   h m  h m   h m  h m
01  0805 1602  0738 1650  0645 1741  0535 1834  0432 1924  0349 2008  0347 2020  0424 1948  0513 1846  0601 1737  0654 1633  0743 1554
02  0805 1603  0736 1652  0643 1742  0533 1835  0430 1925  0348 2009  0348 2020  0426 1946  0514 1844  0602 1735  0655 1631  0745 1554
03  0805 1604  0735 1653  0641 1744  0531 1837  0428 1927  0347 2010  0349 2019  0427 1944  0516 1842  0604 1733  0657 1629  0746 1553
04  0805 1605  0733 1655  0638 1746  0528 1839  0426 1928  0346 2011  0350 2019  0429 1943  0518 1839  0606 1731  0659 1627  0747 1553
05  0805 1606  0732 1657  0636 1748  0526 1840  0424 1930  0346 2012  0351 2018  0430 1941  0519 1837  0607 1728  0701 1626  0749 1552
06  0804 1608  0730 1659  0634 1749  0524 1842  0423 1932  0345 2013  0351 2018  0432 1939  0521 1835  0609 1726  0702 1624  0750 1552
07  0804 1609  0728 1701  0632 1751  0522 1844  0421 1933  0345 2014  0352 2017  0433 1937  0522 1833  0611 1724  0704 1622  0751 1552
08  0803 1610  0726 1702  0630 1753  0519 1845  0419 1935  0344 2014  0353 2017  0435 1936  0524 1830  0612 1722  0706 1621  0752 1551
09  0803 1612  0725 1704  0627 1754  0517 1847  0418 1936  0344 2015  0354 2016  0436 1934  0526 1828  0614 1719  0708 1619  0753 1551
10  0802 1613  0723 1706  0625 1756  0515 1849  0416 1938  0343 2016  0355 2015  0438 1932  0527 1826  0616 1717  0709 1618  0754 1551
11  0802 1615  0721 1708  0623 1758  0513 1850  0414 1940  0343 2017  0356 2014  0440 1930  0529 1823  0617 1715  0711 1616  0755 1551
12  0801 1616  0719 1710  0621 1800  0511 1852  0413 1941  0343 2017  0357 2013  0441 1928  0530 1821  0619 1713  0713 1615  0756 1551
13  0800 1617  0717 1712  0618 1801  0508 1854  0411 1943  0343 2018  0358 2013  0443 1926  0532 1819  0621 1711  0715 1613  0757 1551
14  0759 1619  0715 1713  0616 1803  0506 1855  0410 1944  0343 2018  0400 2012  0444 1924  0534 1816  0622 1709  0716 1612  0758 1551
15  0759 1621  0713 1715  0614 1805  0504 1857  0408 1946  0342 2019  0401 2011  0446 1922  0535 1814  0624 1706  0718 1610  0759 1551
16  0758 1622  0712 1717  0612 1806  0502 1859  0407 1947  0342 2019  0402 2010  0447 1920  0537 1812  0626 1704  0720 1609  0800 1551
17  0757 1624  0710 1719  0609 1808  0500 1900  0405 1949  0342 2020  0403 2009  0449 1918  0538 1810  0628 1702  0722 1608  0801 1552
18  0756 1625  0708 1721  0607 1810  0458 1902  0404 1950  0342 2020  0404 2007  0451 1916  0540 1807  0629 1700  0723 1607  0801 1552
19  0755 1627  0706 1723  0605 1812  0456 1904  0402 1951  0342 2021  0406 2006  0452 1914  0542 1805  0631 1658  0725 1605  0802 1552
20  0754 1629  0704 1724  0602 1813  0454 1905  0401 1953  0343 2021  0407 2005  0454 1912  0543 1803  0633 1656  0727 1604  0803 1553
21  0753 1630  0702 1726  0600 1815  0452 1907  0400 1954  0343 2021  0408 2004  0455 1910  0545 1800  0634 1654  0728 1603  0803 1553
22  0752 1632  0700 1728  0558 1817  0449 1909  0359 1956  0343 2021  0410 2003  0457 1908  0546 1758  0636 1652  0730 1602  0804 1554
23  0750 1634  0658 1730  0556 1818  0447 1910  0357 1957  0343 2021  0411 2001  0459 1906  0548 1756  0638 1650  0731 1601  0804 1554
24  0749 1636  0655 1732  0553 1820  0445 1912  0356 1958  0344 2021  0412 2000  0500 1903  0550 1753  0640 1648  0733 1600  0804 1555
25  0748 1637  0653 1733  0551 1822  0443 1914  0355 2000  0344 2021  0414 1958  0502 1901  0551 1751  0641 1646  0735 1559  0805 1555
26  0747 1639  0651 1735  0549 1823  0441 1915  0354 2001  0345 2021  0415 1957  0503 1859  0553 1749  0643 1644  0736 1558  0805 1556
27  0745 1641  0649 1737  0547 1825  0439 1917  0353 2002  0345 2021  0417 1956  0505 1857  0554 1747  0645 1642  0738 1557  0805 1557
28  0744 1643  0647 1739  0544 1827  0437 1919  0352 2003  0346 2021  0418 1954  0506 1855  0556 1744  0647 1640  0739 1556  0805 1558
29  0742 1644             0542 1828  0436 1920  0351 2005  0346 2021  0420 1953  0508 1853  0558 1742  0648 1638  0741 1556  0805 1559
30  0741 1646             0540 1830  0434 1922  0350 2006  0347 2021  0421 1951  0510 1850  0559 1740  0650 1636  0742 1555  0806 1600
31  0739 1648             0537 1832             0349 2007             0423 1949  0511 1848             0652 1635             0806 1601

Add one hour for daylight time, if and when in use.
