             o  ,    o  ,                                      GREENWICH                               Astronomical Applications Dept.
Location:  000 00, N51 30                          Rise and Set for the Sun for 1800                   U. S. Naval Observatory
                                                                                                       Washington, DC  20392-5420
                                                            Universal Time


       Jan.       Feb.       Mar.       Apr.       May        June       July       Aug.       Sept.      Oct.       Nov.       Dec.
Day Rise  Set  Rise  Set  Rise  Set  Rise  Set  Rise  Set  Rise  Set  Rise  Set  Rise  Set  Rise  Set  Rise  Set  Rise  Set  Rise  Set
     h m  h m   h m  h m   h m  h m   h m  h m   h m  h m   h m  h m   h m  h m   h m  h m   h m  h m   h m  h m   h m  h m   h m  h m
01  0806 1602  0739 1650  0646 1740  0536 1833  0432 1923  0348 2007  0346 2020  0423 1948  0512 1847  0600 1738  0653 1634  0744 1555
02  0806 1603  0738 1651  0644 1742  0534 1835  0430 1924  0348 2008  0347 2020  0424 1947  0513 1845  0602 1736  0655 1632  0745 1554
03  0806 1604  0736 1653  0642 1744  0532 1836  0429 1926  0347 2009  0348 2019  0426 1945  0515 1843  0603 1734  0657 1630  0746 1554
04  0806 1605  0734 1655  0640 1745  0529 1838  0427 1927  0346 2010  0348 2019  0427 1943  0516 1840  0605 1732  0659 1628  0748 1553
05  0805 1606  0733 1657  0637 1747  0527 1840  0425 1929  0345 2011  0349 2018  0429 1942  0518 1838  0607 1729  0700 1626  0749 1553
06  0805 1608  0731 1659  0635 1749  0525 1841  0423 1931  0345 2012  0350 2018  0430 1940  0520 1836  0608 1727  0702 1625  0750 1552
07  0805 1609  0729 1700  0633 1751  0523 1843  0421 1932  0344 2013  0351 2017  0432 1938  0521 1833  0610 1725  0704 1623  0751 1552
08  0804 1610  0728 1702  0631 1752  0520 1845  0420 1934  0344 2014  0352 2017  0433 1936  0523 1831  0612 1723  0706 1622  0753 1552
09  0804 1612  0726 1704  0628 1754  0518 1846  0418 1935  0343 2015  0353 2016  0435 1934  0524 1829  0613 1720  0707 1620  0754 1551
10  0803 1613  0724 1706  0626 1756  0516 1848  0416 1937  0343 2015  0354 2015  0436 1933  0526 1827  0615 1718  0709 1618  0755 1551
11  0803 1614  0722 1708  0624 1758  0514 1849  0415 1939  0343 2016  0355 2014  0438 1931  0528 1824  0617 1716  0711 1617  0756 1551
12  0802 1616  0720 1710  0622 1759  0512 1851  0413 1940  0342 2017  0356 2014  0440 1929  0529 1822  0618 1714  0713 1615  0757 1551
13  0801 1617  0719 1711  0619 1801  0509 1853  0411 1942  0342 2017  0357 2013  0441 1927  0531 1820  0620 1712  0714 1614  0758 1551
14  0801 1619  0717 1713  0617 1803  0507 1854  0410 1943  0342 2018  0358 2012  0443 1925  0532 1817  0622 1709  0716 1612  0759 1551
15  0800 1620  0715 1715  0615 1804  0505 1856  0408 1945  0342 2018  0359 2011  0444 1923  0534 1815  0623 1707  0718 1611  0800 1551
16  0759 1622  0713 1717  0613 1806  0503 1858  0407 1946  0342 2019  0400 2010  0446 1921  0536 1813  0625 1705  0720 1610  0800 1551
17  0758 1624  0711 1719  0610 1808  0501 1859  0405 1948  0342 2019  0402 2009  0448 1919  0537 1811  0627 1703  0721 1608  0801 1552
18  0757 1625  0709 1720  0608 1809  0459 1901  0404 1949  0342 2020  0403 2008  0449 1917  0539 1808  0629 1701  0723 1607  0802 1552
19  0756 1627  0707 1722  0606 1811  0456 1903  0403 1950  0342 2020  0404 2007  0451 1915  0540 1806  0630 1659  0725 1606  0803 1552
20  0755 1629  0705 1724  0604 1813  0454 1904  0401 1952  0342 2020  0405 2005  0452 1913  0542 1804  0632 1657  0726 1605  0803 1553
21  0754 1630  0703 1726  0601 1814  0452 1906  0400 1953  0342 2021  0407 2004  0454 1911  0544 1801  0634 1655  0728 1604  0804 1553
22  0753 1632  0701 1728  0559 1816  0450 1908  0359 1955  0342 2021  0408 2003  0456 1909  0545 1759  0636 1653  0730 1603  0804 1554
23  0752 1634  0659 1730  0557 1818  0448 1909  0358 1956  0342 2021  0410 2002  0457 1907  0547 1757  0637 1651  0731 1601  0805 1554
24  0750 1635  0657 1731  0554 1819  0446 1911  0356 1957  0343 2021  0411 2000  0459 1904  0549 1754  0639 1649  0733 1600  0805 1555
25  0749 1637  0655 1733  0552 1821  0444 1913  0355 1959  0343 2021  0412 1959  0500 1902  0550 1752  0641 1647  0735 1600  0805 1556
26  0748 1639  0652 1735  0550 1823  0442 1914  0354 2000  0343 2021  0414 1958  0502 1900  0552 1750  0643 1645  0736 1559  0806 1556
27  0746 1641  0650 1737  0548 1825  0440 1916  0353 2001  0344 2021  0415 1956  0504 1858  0553 1748  0644 1643  0738 1558  0806 1557
28  0745 1642  0648 1738  0545 1826  0438 1918  0352 2002  0344 2021  0417 1955  0505 1856  0555 1745  0646 1641  0739 1557  0806 1558
29  0744 1644             0543 1828  0436 1919  0351 2004  0345 2021  0418 1953  0507 1854  0557 1743  0648 1639  0741 1556  0806 1559
30  0742 1646             0541 1830  0434 1921  0350 2005  0346 2020  0420 1952  0508 1851  0558 1741  0650 1637  0742 1555  0806 1600
31  0741 1648             0538 1831             0349 2006             0421 1950  0510 1849             0652 1635             0806 1601

Add one hour for daylight time, if and when in use.
