             o  ,    o  ,                                      GREENWICH                               Astronomical Applications Dept.
Location:  000 00, N51 30                          Rise and Set for the Sun for 1700                   U. S. Naval Observatory
                                                                                                       Washington, DC  20392-5420
                                                            Universal Time


       Jan.       Feb.       Mar.       Apr.       May        June       July       Aug.       Sept.      Oct.       Nov.       Dec.
Day Rise  Set  Rise  Set  Rise  Set  Rise  Set  Rise  Set  Rise  Set  Rise  Set  Rise  Set  Rise  Set  Rise  Set  Rise  Set  Rise  Set
     h m  h m   h m  h m   h m  h m   h m  h m   h m  h m   h m  h m   h m  h m   h m  h m   h m  h m   h m  h m   h m  h m   h m  h m
01  0807 1602  0739 1650  0646 1741  0536 1833  0432 1923  0348 2007  0346 2020  0423 1948  0512 1846  0600 1738  0654 1633  0744 1555
02  0806 1603  0737 1652  0644 1742  0533 1835  0430 1924  0347 2008  0347 2020  0424 1946  0513 1844  0602 1736  0656 1631  0746 1554
03  0806 1605  0736 1654  0641 1744  0531 1837  0428 1926  0346 2009  0347 2019  0426 1945  0515 1842  0604 1733  0657 1630  0747 1554
04  0806 1606  0734 1656  0639 1746  0529 1838  0426 1928  0346 2010  0348 2019  0427 1943  0517 1840  0605 1731  0659 1628  0748 1553
05  0806 1607  0733 1657  0637 1748  0527 1840  0424 1929  0345 2011  0349 2018  0429 1941  0518 1837  0607 1729  0701 1626  0749 1553
06  0805 1608  0731 1659  0635 1749  0524 1842  0423 1931  0344 2012  0350 2018  0430 1939  0520 1835  0609 1727  0703 1624  0751 1552
07  0805 1610  0729 1701  0633 1751  0522 1843  0421 1932  0344 2013  0351 2017  0432 1938  0521 1833  0610 1724  0705 1623  0752 1552
08  0804 1611  0727 1703  0630 1753  0520 1845  0419 1934  0343 2014  0352 2016  0433 1936  0523 1831  0612 1722  0706 1621  0753 1552
09  0804 1612  0726 1705  0628 1755  0518 1847  0417 1936  0343 2015  0353 2016  0435 1934  0525 1828  0614 1720  0708 1620  0754 1552
10  0803 1614  0724 1707  0626 1756  0515 1848  0416 1937  0343 2015  0354 2015  0436 1932  0526 1826  0615 1718  0710 1618  0755 1551
11  0803 1615  0722 1708  0624 1758  0513 1850  0414 1939  0342 2016  0355 2014  0438 1930  0528 1824  0617 1716  0712 1617  0756 1551
12  0802 1617  0720 1710  0621 1800  0511 1851  0413 1940  0342 2017  0356 2013  0440 1928  0529 1822  0619 1713  0713 1615  0757 1551
13  0801 1618  0718 1712  0619 1801  0509 1853  0411 1942  0342 2017  0357 2012  0441 1926  0531 1819  0620 1711  0715 1614  0758 1551
14  0801 1620  0716 1714  0617 1803  0507 1855  0409 1943  0342 2018  0358 2012  0443 1924  0533 1817  0622 1709  0717 1612  0759 1551
15  0800 1621  0714 1716  0614 1805  0504 1856  0408 1945  0341 2018  0359 2011  0444 1922  0534 1815  0624 1707  0719 1611  0800 1552
16  0759 1623  0712 1718  0612 1806  0502 1858  0406 1946  0341 2019  0400 2010  0446 1920  0536 1812  0626 1705  0720 1610  0801 1552
17  0758 1624  0711 1719  0610 1808  0500 1900  0405 1948  0341 2019  0402 2008  0448 1918  0538 1810  0627 1703  0722 1608  0802 1552
18  0757 1626  0709 1721  0608 1810  0458 1901  0404 1949  0341 2020  0403 2007  0449 1916  0539 1808  0629 1701  0724 1607  0802 1552
19  0756 1628  0707 1723  0605 1812  0456 1903  0402 1951  0341 2020  0404 2006  0451 1914  0541 1805  0631 1658  0725 1606  0803 1553
20  0755 1629  0705 1725  0603 1813  0454 1905  0401 1952  0341 2020  0405 2005  0452 1912  0542 1803  0633 1656  0727 1605  0804 1553
21  0754 1631  0702 1727  0601 1815  0452 1906  0400 1953  0342 2020  0407 2004  0454 1910  0544 1801  0634 1654  0729 1603  0804 1553
22  0753 1633  0700 1728  0559 1817  0450 1908  0358 1955  0342 2021  0408 2003  0456 1908  0546 1758  0636 1652  0730 1602  0805 1554
23  0751 1634  0658 1730  0556 1818  0448 1910  0357 1956  0342 2021  0409 2001  0457 1906  0547 1756  0638 1650  0732 1601  0805 1555
24  0750 1636  0656 1732  0554 1820  0446 1911  0356 1957  0342 2021  0411 2000  0459 1904  0549 1754  0640 1648  0734 1600  0806 1555
25  0749 1638  0654 1734  0552 1822  0444 1913  0355 1959  0343 2021  0412 1959  0500 1902  0551 1752  0641 1646  0735 1559  0806 1556
26  0748 1640  0652 1735  0549 1823  0442 1915  0354 2000  0343 2021  0414 1957  0502 1900  0552 1749  0643 1644  0737 1559  0806 1557
27  0746 1641  0650 1737  0547 1825  0440 1916  0353 2001  0344 2021  0415 1956  0504 1857  0554 1747  0645 1642  0738 1558  0806 1557
28  0745 1643  0648 1739  0545 1827  0438 1918  0352 2003  0344 2021  0417 1954  0505 1855  0555 1745  0647 1641  0740 1557  0807 1558
29  0743 1645             0543 1828  0436 1920  0351 2004  0345 2020  0418 1953  0507 1853  0557 1742  0649 1639  0741 1556  0807 1559
30  0742 1647             0540 1830  0434 1921  0350 2005  0345 2020  0420 1951  0509 1851  0559 1740  0650 1637  0743 1555  0807 1600
31  0741 1648             0538 1832             0349 2006             0421 1950  0510 1849             0652 1635             0807 1601
