             o  ,    o  ,                                      GREENWICH                               Astronomical Applications Dept.
Location:  000 00, N51 30                          Rise and Set for the Sun for 2100                   U. S. Naval Observatory
                                                                                                       Washington, DC  20392-5420
                                                            Universal Time


       Jan.       Feb.       Mar.       Apr.       May        June       July       Aug.       Sept.      Oct.       Nov.       Dec.
Day Rise  Set  Rise  Set  Rise  Set  Rise  Set  Rise  Set  Rise  Set  Rise  Set  Rise  Set  Rise  Set  Rise  Set  Rise  Set  Rise  Set
     h m  h m   h m  h m   h m  h m   h m  h m   h m  h m   h m  h m   h m  h m   h m  h m   h m  h m   h m  h m   h m  h m   h m  h m
01  0805 1602  0738 1649  0645 1740  0535 1833  0432 1923  0349 2008  0347 2020  0424 1948  0513 1846  0601 1738  0653 1633  0743 1554
02  0805 1603  0736 1651  0643 1742  0533 1835  0430 1925  0348 2009  0348 2020  0426 1946  0514 1844  0602 1735  0655 1631  0744 1554
03  0805 1604  0735 1653  0641 1744  0531 1837  0428 1927  0347 2010  0349 2020  0427 1945  0516 1842  0604 1733  0657 1629  0746 1553
04  0805 1605  0733 1655  0639 1746  0529 1838  0426 1928  0347 2011  0350 2019  0429 1943  0518 1840  0606 1731  0659 1628  0747 1553
05  0804 1606  0732 1657  0636 1747  0526 1840  0425 1930  0346 2012  0351 2019  0430 1941  0519 1837  0607 1729  0700 1626  0748 1552
06  0804 1607  0730 1659  0634 1749  0524 1842  0423 1932  0345 2013  0351 2018  0432 1939  0521 1835  0609 1726  0702 1624  0750 1552
07  0804 1609  0728 1700  0632 1751  0522 1843  0421 1933  0345 2014  0352 2017  0433 1938  0522 1833  0611 1724  0704 1623  0751 1552
08  0803 1610  0727 1702  0630 1753  0520 1845  0419 1935  0344 2014  0353 2017  0435 1936  0524 1831  0612 1722  0706 1621  0752 1551
09  0803 1611  0725 1704  0628 1754  0517 1847  0418 1936  0344 2015  0354 2016  0436 1934  0525 1828  0614 1720  0707 1619  0753 1551
10  0802 1613  0723 1706  0625 1756  0515 1848  0416 1938  0344 2016  0355 2015  0438 1932  0527 1826  0616 1718  0709 1618  0754 1551
11  0802 1614  0721 1708  0623 1758  0513 1850  0415 1939  0343 2017  0356 2014  0439 1930  0529 1824  0617 1715  0711 1616  0755 1551
12  0801 1616  0719 1710  0621 1759  0511 1852  0413 1941  0343 2017  0357 2014  0441 1928  0530 1821  0619 1713  0713 1615  0756 1551
13  0800 1617  0717 1711  0619 1801  0509 1853  0411 1943  0343 2018  0359 2013  0443 1926  0532 1819  0621 1711  0714 1613  0757 1551
14  0759 1619  0716 1713  0616 1803  0507 1855  0410 1944  0343 2019  0400 2012  0444 1924  0533 1817  0622 1709  0716 1612  0758 1551
15  0759 1620  0714 1715  0614 1805  0504 1857  0408 1946  0343 2019  0401 2011  0446 1922  0535 1814  0624 1707  0718 1611  0759 1551
16  0758 1622  0712 1717  0612 1806  0502 1858  0407 1947  0343 2019  0402 2010  0447 1920  0537 1812  0626 1705  0720 1609  0800 1551
17  0757 1623  0710 1719  0609 1808  0500 1900  0405 1949  0342 2020  0403 2009  0449 1918  0538 1810  0627 1702  0721 1608  0800 1551
18  0756 1625  0708 1720  0607 1810  0458 1902  0404 1950  0343 2020  0404 2008  0451 1916  0540 1808  0629 1700  0723 1607  0801 1552
19  0755 1627  0706 1722  0605 1811  0456 1903  0403 1951  0343 2021  0406 2006  0452 1914  0541 1805  0631 1658  0725 1605  0802 1552
20  0754 1628  0704 1724  0603 1813  0454 1905  0401 1953  0343 2021  0407 2005  0454 1912  0543 1803  0633 1656  0726 1604  0802 1552
21  0753 1630  0702 1726  0600 1815  0452 1907  0400 1954  0343 2021  0408 2004  0455 1910  0545 1801  0634 1654  0728 1603  0803 1553
22  0752 1632  0700 1728  0558 1816  0450 1908  0359 1956  0343 2021  0410 2003  0457 1908  0546 1758  0636 1652  0729 1602  0803 1553
23  0750 1633  0658 1730  0556 1818  0448 1910  0358 1957  0343 2021  0411 2001  0458 1906  0548 1756  0638 1650  0731 1601  0804 1554
24  0749 1635  0656 1731  0554 1820  0446 1912  0357 1958  0344 2021  0412 2000  0500 1904  0549 1754  0639 1648  0733 1600  0804 1555
25  0748 1637  0654 1733  0551 1822  0444 1913  0355 2000  0344 2021  0414 1959  0502 1902  0551 1751  0641 1646  0734 1559  0805 1555
26  0747 1639  0651 1735  0549 1823  0442 1915  0354 2001  0345 2021  0415 1957  0503 1859  0553 1749  0643 1644  0736 1558  0805 1556
27  0745 1640  0649 1737  0547 1825  0440 1917  0353 2002  0345 2021  0417 1956  0505 1857  0554 1747  0645 1642  0737 1557  0805 1557
28  0744 1642  0647 1738  0544 1827  0438 1918  0352 2003  0346 2021  0418 1954  0506 1855  0556 1745  0646 1640  0739 1557  0805 1558
29  0743 1644             0542 1828  0436 1920  0351 2004  0346 2021  0420 1953  0508 1853  0557 1742  0648 1638  0740 1556  0805 1559
30  0741 1646             0540 1830  0434 1922  0350 2006  0347 2021  0421 1951  0510 1851  0559 1740  0650 1637  0742 1555  0805 1559
31  0740 1648             0538 1832             0350 2007             0423 1950  0511 1849             0652 1635             0805 1600

Add one hour for daylight time, if and when in use.
