             o  ,    o  ,                                      GREENWICH                               Astronomical Applications Dept.
Location:  000 00, N51 30                          Rise and Set for the Sun for 1900                   U. S. Naval Observatory
                                                                                                       Washington, DC  20392-5420
                                                            Universal Time


       Jan.       Feb.       Mar.       Apr.       May        June       July       Aug.       Sept.      Oct.       Nov.       Dec.
Day Rise  Set  Rise  Set  Rise  Set  Rise  Set  Rise  Set  Rise  Set  Rise  Set  Rise  Set  Rise  Set  Rise  Set  Rise  Set  Rise  Set
     h m  h m   h m  h m   h m  h m   h m  h m   h m  h m   h m  h m   h m  h m   h m  h m   h m  h m   h m  h m   h m  h m   h m  h m
01  0806 1602  0739 1649  0646 1740  0537 1832  0433 1922  0349 2007  0346 2020  0423 1949  0511 1847  0600 1739  0653 1634  0743 1555
02  0806 1603  0738 1651  0644 1741  0534 1834  0431 1924  0348 2008  0347 2020  0424 1947  0513 1845  0601 1737  0655 1632  0744 1554
03  0806 1604  0736 1653  0642 1743  0532 1836  0429 1926  0347 2009  0348 2020  0426 1945  0515 1843  0603 1734  0656 1630  0746 1554
04  0806 1605  0735 1654  0640 1745  0530 1837  0427 1927  0347 2010  0349 2019  0427 1944  0516 1841  0605 1732  0658 1629  0747 1553
05  0805 1606  0733 1656  0638 1747  0528 1839  0425 1929  0346 2011  0349 2019  0429 1942  0518 1839  0606 1730  0700 1627  0748 1553
06  0805 1607  0731 1658  0636 1748  0525 1841  0424 1930  0345 2012  0350 2018  0430 1940  0519 1836  0608 1728  0702 1625  0750 1552
07  0805 1609  0730 1700  0633 1750  0523 1843  0422 1932  0345 2013  0351 2018  0432 1938  0521 1834  0610 1725  0703 1624  0751 1552
08  0804 1610  0728 1702  0631 1752  0521 1844  0420 1934  0344 2014  0352 2017  0433 1937  0523 1832  0611 1723  0705 1622  0752 1552
09  0804 1611  0726 1704  0629 1754  0519 1846  0418 1935  0344 2015  0353 2016  0435 1935  0524 1829  0613 1721  0707 1620  0753 1551
10  0803 1613  0724 1705  0627 1755  0516 1848  0417 1937  0343 2015  0354 2016  0436 1933  0526 1827  0615 1719  0709 1619  0754 1551
11  0802 1614  0722 1707  0624 1757  0514 1849  0415 1938  0343 2016  0355 2015  0438 1931  0527 1825  0616 1716  0710 1617  0755 1551
12  0802 1615  0721 1709  0622 1759  0512 1851  0414 1940  0343 2017  0356 2014  0440 1929  0529 1823  0618 1714  0712 1616  0756 1551
13  0801 1617  0719 1711  0620 1800  0510 1852  0412 1941  0342 2017  0357 2013  0441 1927  0531 1820  0620 1712  0714 1614  0757 1551
14  0800 1618  0717 1713  0618 1802  0508 1854  0410 1943  0342 2018  0358 2012  0443 1925  0532 1818  0621 1710  0716 1613  0758 1551
15  0800 1620  0715 1714  0615 1804  0506 1856  0409 1944  0342 2018  0359 2011  0444 1923  0534 1816  0623 1708  0717 1611  0759 1551
16  0759 1621  0713 1716  0613 1806  0503 1857  0407 1946  0342 2019  0401 2010  0446 1921  0535 1813  0625 1706  0719 1610  0800 1551
17  0758 1623  0711 1718  0611 1807  0501 1859  0406 1947  0342 2019  0402 2009  0447 1919  0537 1811  0626 1704  0721 1609  0801 1552
18  0757 1625  0709 1720  0609 1809  0459 1901  0405 1949  0342 2020  0403 2008  0449 1917  0539 1809  0628 1701  0722 1607  0801 1552
19  0756 1626  0707 1722  0606 1811  0457 1902  0403 1950  0342 2020  0404 2007  0451 1915  0540 1806  0630 1659  0724 1606  0802 1552
20  0755 1628  0705 1724  0604 1812  0455 1904  0402 1952  0342 2020  0406 2006  0452 1913  0542 1804  0632 1657  0726 1605  0803 1553
21  0754 1630  0703 1725  0602 1814  0453 1906  0400 1953  0342 2021  0407 2005  0454 1911  0543 1802  0633 1655  0727 1604  0803 1553
22  0753 1631  0701 1727  0559 1816  0451 1907  0359 1955  0342 2021  0408 2003  0455 1909  0545 1800  0635 1653  0729 1603  0804 1553
23  0752 1633  0659 1729  0557 1817  0449 1909  0358 1956  0343 2021  0410 2002  0457 1907  0547 1757  0637 1651  0731 1602  0804 1554
24  0750 1635  0657 1731  0555 1819  0447 1911  0357 1957  0343 2021  0411 2001  0459 1905  0548 1755  0639 1649  0732 1601  0805 1555
25  0749 1636  0655 1733  0553 1821  0445 1912  0356 1959  0343 2021  0412 1959  0500 1903  0550 1753  0640 1647  0734 1600  0805 1555
26  0748 1638  0653 1734  0550 1822  0443 1914  0355 2000  0344 2021  0414 1958  0502 1901  0552 1750  0642 1645  0735 1559  0805 1556
27  0746 1640  0651 1736  0548 1824  0441 1916  0353 2001  0344 2021  0415 1956  0503 1858  0553 1748  0644 1643  0737 1558  0806 1557
28  0745 1642  0649 1738  0546 1826  0439 1917  0352 2002  0345 2021  0417 1955  0505 1856  0555 1746  0646 1641  0739 1557  0806 1558
29  0744 1644             0543 1827  0437 1919  0351 2004  0345 2021  0418 1953  0507 1854  0556 1743  0647 1639  0740 1556  0806 1558
30  0742 1645             0541 1829  0435 1921  0351 2005  0346 2021  0420 1952  0508 1852  0558 1741  0649 1638  0741 1556  0806 1559
31  0741 1647             0539 1831             0350 2006             0421 1950  0510 1850             0651 1636             0806 1600

Add one hour for daylight time, if and when in use.
