            o  ,    o  ,                                      GREENWICH                               Astronomical Applications Dept.
Location:  000 00, N51 30                          Rise and Set for the Sun for 1950                   U. S. Naval Observatory
                                                                                                       Washington, DC  20392-5420
                                                            Universal Time


       Jan.       Feb.       Mar.       Apr.       May        June       July       Aug.       Sept.      Oct.       Nov.       Dec.
Day Rise  Set  Rise  Set  Rise  Set  Rise  Set  Rise  Set  Rise  Set  Rise  Set  Rise  Set  Rise  Set  Rise  Set  Rise  Set  Rise  Set
     h m  h m   h m  h m   h m  h m   h m  h m   h m  h m   h m  h m   h m  h m   h m  h m   h m  h m   h m  h m   h m  h m   h m  h m
01  0806 1601  0739 1649  0647 1739  0537 1832  0433 1922  0349 2007  0347 2020  0423 1949  0511 1848  0600 1739  0652 1634  0743 1555
02  0806 1602  0738 1650  0645 1741  0535 1834  0431 1924  0348 2008  0347 2020  0424 1947  0513 1846  0601 1737  0654 1632  0744 1554
03  0806 1603  0736 1652  0642 1743  0532 1836  0429 1925  0347 2009  0348 2020  0426 1946  0515 1843  0603 1735  0656 1631  0745 1554
04  0805 1605  0735 1654  0640 1745  0530 1837  0428 1927  0347 2010  0349 2019  0427 1944  0516 1841  0604 1732  0658 1629  0747 1553
05  0805 1606  0733 1656  0638 1746  0528 1839  0426 1929  0346 2011  0349 2019  0429 1942  0518 1839  0606 1730  0700 1627  0748 1553
06  0805 1607  0731 1658  0636 1748  0526 1841  0424 1930  0345 2012  0350 2018  0430 1941  0519 1837  0608 1728  0701 1625  0749 1552
07  0804 1608  0730 1659  0634 1750  0523 1842  0422 1932  0345 2013  0351 2018  0432 1939  0521 1834  0609 1726  0703 1624  0750 1552
08  0804 1610  0728 1701  0631 1752  0521 1844  0420 1933  0344 2014  0352 2017  0433 1937  0523 1832  0611 1723  0705 1622  0752 1552
09  0804 1611  0726 1703  0629 1753  0519 1846  0419 1935  0344 2015  0353 2016  0435 1935  0524 1830  0613 1721  0707 1620  0753 1551
10  0803 1612  0724 1705  0627 1755  0517 1847  0417 1937  0343 2015  0354 2016  0436 1933  0526 1827  0614 1719  0708 1619  0754 1551
11  0802 1614  0723 1707  0625 1757  0514 1849  0415 1938  0343 2016  0355 2015  0438 1931  0527 1825  0616 1717  0710 1617  0755 1551
12  0802 1615  0721 1709  0622 1758  0512 1851  0414 1940  0343 2017  0356 2014  0440 1929  0529 1823  0618 1715  0712 1616  0756 1551
13  0801 1617  0719 1710  0620 1800  0510 1852  0412 1941  0343 2017  0357 2013  0441 1928  0531 1821  0619 1712  0714 1614  0757 1551
14  0800 1618  0717 1712  0618 1802  0508 1854  0411 1943  0342 2018  0358 2012  0443 1926  0532 1818  0621 1710  0715 1613  0758 1551
15  0800 1620  0715 1714  0616 1804  0506 1856  0409 1944  0342 2018  0359 2011  0444 1924  0534 1816  0623 1708  0717 1612  0759 1551
16  0759 1621  0713 1716  0613 1805  0504 1857  0408 1946  0342 2019  0401 2010  0446 1922  0535 1814  0625 1706  0719 1610  0800 1551
17  0758 1623  0711 1718  0611 1807  0501 1859  0406 1947  0342 2019  0402 2009  0447 1920  0537 1811  0626 1704  0720 1609  0800 1551
18  0757 1624  0709 1720  0609 1809  0459 1901  0405 1949  0342 2020  0403 2008  0449 1918  0539 1809  0628 1702  0722 1608  0801 1552
19  0756 1626  0707 1721  0607 1810  0457 1902  0403 1950  0342 2020  0404 2007  0451 1916  0540 1807  0630 1700  0724 1606  0802 1552
20  0755 1628  0705 1723  0604 1812  0455 1904  0402 1952  0342 2020  0406 2006  0452 1914  0542 1804  0631 1658  0726 1605  0802 1552
21  0754 1629  0703 1725  0602 1814  0453 1906  0401 1953  0342 2021  0407 2005  0454 1911  0543 1802  0633 1656  0727 1604  0803 1553
22  0753 1631  0701 1727  0600 1815  0451 1907  0359 1954  0343 2021  0408 2003  0455 1909  0545 1800  0635 1653  0729 1603  0804 1553
23  0752 1633  0659 1729  0557 1817  0449 1909  0358 1956  0343 2021  0410 2002  0457 1907  0547 1758  0637 1651  0730 1602  0804 1554
24  0750 1634  0657 1730  0555 1819  0447 1911  0357 1957  0343 2021  0411 2001  0459 1905  0548 1755  0638 1649  0732 1601  0804 1554
25  0749 1636  0655 1732  0553 1821  0445 1912  0356 1959  0343 2021  0412 2000  0500 1903  0550 1753  0640 1647  0734 1600  0805 1555
26  0748 1638  0653 1734  0551 1822  0443 1914  0355 2000  0344 2021  0414 1958  0502 1901  0551 1751  0642 1645  0735 1559  0805 1556
27  0747 1640  0651 1736  0548 1824  0441 1916  0354 2001  0344 2021  0415 1957  0503 1859  0553 1748  0644 1644  0737 1558  0805 1556
28  0745 1641  0649 1738  0546 1826  0439 1917  0353 2002  0345 2021  0417 1955  0505 1857  0555 1746  0645 1642  0738 1557  0806 1557
29  0744 1643             0544 1827  0437 1919  0352 2003  0345 2021  0418 1954  0507 1854  0556 1744  0647 1640  0740 1556  0806 1558
30  0742 1645             0541 1829  0435 1921  0351 2005  0346 2021  0420 1952  0508 1852  0558 1741  0649 1638  0741 1556  0806 1559
31  0741 1647             0539 1831             0350 2006             0421 1951  0510 1850             0651 1636             0806 1600

Add one hour for daylight time, if and when in use.
